0 0.093994140625 0.7926432291666666 0.052734375 0.06640625
0 0.39794921875 0.8860677083333334 0.0546875 0.07161458333333333
0 0.695068359375 0.97265625 0.05126953125 0.0546875
1 0.224609375 0.419921875 0.06396484375 0.07942708333333333
1 0.389404296875 0.4752604166666667 0.06689453125 0.08203125
1 0.547119140625 0.5263671875 0.0595703125 0.07747395833333333
1 0.70751953125 0.5771484375 0.05810546875 0.07747395833333333
0 0.25390625 0.056640625 0.05126953125 0.059244791666666664
0 0.532470703125 0.15397135416666666 0.04931640625 0.060546875
0 0.80517578125 0.24251302083333334 0.04638671875 0.05859375
1 0.100830078125 0.3824869791666667 0.0859375 0.111328125