0 0.8896484375 0.8297526041666666 0.05029296875 0.06315104166666667
0 0.58154296875 0.8948567708333334 0.05224609375 0.068359375
0 0.2802734375 0.9609375 0.048828125 0.06640625
1 0.77880859375 0.4456380208333333 0.0615234375 0.07486979166666667
1 0.611572265625 0.4856770833333333 0.064453125 0.07747395833333333
1 0.45166015625 0.5221354166666666 0.056640625 0.07421875
1 0.288818359375 0.5576171875 0.05517578125 0.07356770833333333
0 0.7685546875 0.08072916666666667 0.04931640625 0.055338541666666664
0 0.48583984375 0.15169270833333334 0.04736328125 0.057942708333333336
0 0.208984375 0.21484375 0.04443359375 0.055989583333333336
1 0.904296875 0.419921875 0.08203125 0.10546875