4 0.66162109375 0.09212239583333333 0.06494140625 0.08138020833333333
4 0.604248046875 0.10774739583333333 0.0673828125 0.08919270833333333
4 0.53857421875 0.177734375 0.0693359375 0.09375
4 0.3984375 0.2265625 0.0771484375 0.09765625
4 0.317626953125 0.20149739583333334 0.06640625 0.091796875
4 0.260986328125 0.21614583333333334 0.06494140625 0.09049479166666667
4 0.578369140625 0.396484375 0.0693359375 0.09440104166666667
4 0.438232421875 0.4417317708333333 0.07421875 0.1015625
0 0.330810546875 0.47265625 0.1142578125 0.15299479166666666
0 0.684814453125 0.3597005208333333 0.11962890625 0.15559895833333334
4 0.61669921875 0.6145833333333334 0.06884765625 0.09244791666666667
4 0.69970703125 0.6376953125 0.06640625 0.091796875
4 0.756103515625 0.6197916666666666 0.06591796875 0.08854166666666667
4 0.654052734375 0.8330078125 0.06494140625 0.08854166666666667
4 0.51513671875 0.876953125 0.07470703125 0.09830729166666667
4 0.4755859375 0.6565755208333334 0.0615234375 0.08138020833333333
4 0.409912109375 0.7278645833333334 0.0546875 0.07291666666666667
4 0.353759765625 0.7470703125 0.052734375 0.06901041666666667
0 0.971435546875 0.5419921875 0.052734375 0.06901041666666667
0 0.880859375 0.064453125 0.0517578125 0.06901041666666667
0 0.09765625 0.8125 0.04931640625 0.07161458333333333