4 0.360107421875 0.078125 0.0673828125 0.08528645833333333
4 0.41650390625 0.09895833333333333 0.0703125 0.09309895833333333
4 0.478515625 0.1748046875 0.072265625 0.09765625
4 0.615478515625 0.23665364583333334 0.080078125 0.10221354166666667
4 0.697509765625 0.21940104166666666 0.06982421875 0.095703125
4 0.753173828125 0.2392578125 0.068359375 0.09440104166666667
4 0.42724609375 0.3896484375 0.072265625 0.09830729166666667
4 0.564697265625 0.4475911458333333 0.0771484375 0.10546875
0 0.670166015625 0.4886067708333333 0.119140625 0.15950520833333334
0 0.322998046875 0.3427734375 0.12451171875 0.16276041666666666
4 0.377685546875 0.603515625 0.07177734375 0.09635416666666667
4 0.293701171875 0.6188151041666666 0.06982421875 0.095703125
4 0.238037109375 0.595703125 0.06884765625 0.09244791666666667
4 0.3291015625 0.8180338541666666 0.06787109375 0.091796875
4 0.465087890625 0.8746744791666666 0.07763671875 0.10286458333333333
4 0.51611328125 0.6585286458333334 0.064453125 0.08463541666666667
4 0.577880859375 0.7356770833333334 0.05712890625 0.076171875
4 0.633056640625 0.7600911458333334 0.05517578125 0.072265625
0 0.027587890625 0.498046875 0.05517578125 0.072265625
0 0.142578125 0.032877604166666664 0.0537109375 0.06575520833333333
0 0.88525390625 0.8489583333333334 0.0517578125 0.07421875