4 0.435791015625 0.6279296875 0.05419921875 0.06901041666666667
4 0.43212890625 0.5514322916666666 0.0546875 0.06901041666666667
4 0.463134765625 0.4609375 0.0546875 0.072265625
4 0.312744140625 0.4736328125 0.0556640625 0.072265625
0 0.620849609375 0.5826822916666666 0.09765625 0.12630208333333334
4 0.61279296875 0.4475911458333333 0.05810546875 0.07747395833333333
4 0.769775390625 0.4381510416666667 0.05078125 0.06901041666666667
4 0.809326171875 0.5279947916666666 0.048828125 0.06315104166666667
4 0.81298828125 0.5960286458333334 0.048828125 0.061848958333333336
4 0.92822265625 0.4222005208333333 0.0478515625 0.06575520833333333
4 0.917724609375 0.24967447916666666 0.0546875 0.07682291666666667
4 0.76220703125 0.2613932291666667 0.0595703125 0.078125
4 0.79052734375 0.1669921875 0.0576171875 0.072265625
4 0.786865234375 0.0908203125 0.0546875 0.06966145833333333
4 0.60498046875 0.2727864583333333 0.0556640625 0.07421875
4 0.452392578125 0.28515625 0.0556640625 0.07552083333333333
0 0.603759765625 0.14388020833333334 0.10400390625 0.130859375
4 0.41455078125 0.19401041666666666 0.05224609375 0.06966145833333333
4 0.411865234375 0.12760416666666666 0.05419921875 0.06966145833333333
4 0.30126953125 0.2965494791666667 0.0517578125 0.06770833333333333
0 0.455810546875 0.9661458333333334 0.04443359375 0.0546875
0 0.800048828125 0.947265625 0.04345703125 0.0546875
0 0.310546875 0.7239583333333334 0.04541015625 0.061848958333333336