4 0.71435546875 0.0556640625 0.03076171875 0.041666666666666664
4 0.209228515625 0.16927083333333334 0.02734375 0.034505208333333336
1 0.73876953125 0.18033854166666666 0.03515625 0.042317708333333336
1 0.13037109375 0.2516276041666667 0.0400390625 0.052083333333333336
1 0.56640625 0.2916666666666667 0.02734375 0.033203125
1 0.667724609375 0.4075520833333333 0.03369140625 0.041015625
1 0.709228515625 0.44921875 0.0205078125 0.027994791666666668
1 0.69287109375 0.5266927083333334 0.021484375 0.030598958333333332
1 0.655029296875 0.5055338541666666 0.021484375 0.029296875
1 0.524658203125 0.5872395833333334 0.0234375 0.032552083333333336
1 0.3828125 0.6155598958333334 0.0224609375 0.029947916666666668
1 0.24169921875 0.638671875 0.02734375 0.031901041666666664