4 0.180419921875 0.8125 0.033203125 0.045572916666666664
4 0.682373046875 0.9479166666666666 0.02978515625 0.037760416666666664
1 0.191162109375 0.6845703125 0.03759765625 0.046875
1 0.7783203125 0.9085286458333334 0.04345703125 0.057291666666666664
1 0.382080078125 0.6627604166666666 0.029296875 0.036458333333333336
1 0.318603515625 0.5061848958333334 0.03662109375 0.045572916666666664
1 0.291015625 0.447265625 0.0224609375 0.030598958333333332
1 0.3271484375 0.3828125 0.0234375 0.033203125
1 0.356689453125 0.4208984375 0.0234375 0.031901041666666664
1 0.500244140625 0.4069010416666667 0.02587890625 0.03515625
1 0.640625 0.4482421875 0.0244140625 0.032552083333333336
1 0.7783203125 0.4938151041666667 0.029296875 0.03515625