4 0.75341796875 0.09375 0.02734375 0.037760416666666664
4 0.24169921875 0.12434895833333333 0.02490234375 0.030598958333333332
1 0.76611328125 0.22135416666666666 0.03173828125 0.037760416666666664
1 0.15576171875 0.193359375 0.0361328125 0.046875
1 0.5849609375 0.3040364583333333 0.02490234375 0.029296875
1 0.6748046875 0.435546875 0.03076171875 0.036458333333333336
1 0.71240234375 0.4837239583333333 0.0185546875 0.025390625
1 0.68896484375 0.5579427083333334 0.01904296875 0.027994791666666668
1 0.6533203125 0.5305989583333334 0.01904296875 0.026692708333333332
1 0.5166015625 0.5904947916666666 0.02099609375 0.029296875
1 0.373046875 0.595703125 0.02001953125 0.026692708333333332
1 0.23095703125 0.595703125 0.02490234375 0.027994791666666668