0 0.844482421875 0.2763671875 0.04248046875 0.0546875
1 0.6123046875 0.1103515625 0.02490234375 0.033854166666666664
1 0.707275390625 0.2705078125 0.0224609375 0.029296875
1 0.576171875 0.4111328125 0.02294921875 0.03125
1 0.293701171875 0.244140625 0.0400390625 0.053385416666666664
0 0.30078125 0.4013671875 0.0419921875 0.054036458333333336
1 0.339111328125 0.5784505208333334 0.02392578125 0.033203125
1 0.499755859375 0.5442708333333334 0.02490234375 0.033203125
1 0.48828125 0.8922526041666666 0.0234375 0.030598958333333332
0 0.80810546875 0.7705078125 0.03076171875 0.035807291666666664
0 0.793701171875 0.5006510416666666 0.03076171875 0.040364583333333336
1 0.648681640625 0.4391276041666667 0.02587890625 0.034505208333333336