0 0.144775390625 0.3089192708333333 0.044921875 0.057942708333333336
1 0.36767578125 0.12174479166666667 0.0263671875 0.035807291666666664
1 0.28125 0.2903645833333333 0.02392578125 0.030598958333333332
1 0.41943359375 0.4182942708333333 0.0244140625 0.032552083333333336
1 0.6923828125 0.2255859375 0.04248046875 0.056640625
0 0.693603515625 0.3831380208333333 0.04443359375 0.057291666666666664
1 0.66455078125 0.5634765625 0.025390625 0.03515625
1 0.50244140625 0.5442708333333334 0.0263671875 0.03515625
1 0.5322265625 0.8902994791666666 0.0244140625 0.032552083333333336
0 0.206787109375 0.7985026041666666 0.0322265625 0.038411458333333336
0 0.20703125 0.5279947916666666 0.03271484375 0.04296875
1 0.3486328125 0.453125 0.02734375 0.036458333333333336