2 0.4303385416666667 0.109619140625 0.031901041666666664 0.02587890625
2 0.6136067708333334 0.1005859375 0.037109375 0.02734375
2 0.689453125 0.17919921875 0.020182291666666668 0.025390625
2 0.6341145833333334 0.301025390625 0.033203125 0.02294921875
2 0.4449869791666667 0.33837890625 0.032552083333333336 0.02685546875
2 0.4544270833333333 0.432861328125 0.036458333333333336 0.02734375
2 0.6448567708333334 0.44921875 0.032552083333333336 0.02685546875
2 0.7161458333333334 0.4951171875 0.020182291666666668 0.025390625
2 0.6595052083333334 0.593017578125 0.031901041666666664 0.02587890625
2 0.4788411458333333 0.6220703125 0.033854166666666664 0.02783203125
2 0.6513671875 0.667236328125 0.033203125 0.02294921875