2 0.31640625 0.133056640625 0.036458333333333336 0.02783203125
2 0.4899088541666667 0.09130859375 0.037109375 0.02978515625
2 0.5875651041666666 0.15576171875 0.03125 0.0302734375
2 0.5699869791666666 0.284423828125 0.043619791666666664 0.03466796875
2 0.396484375 0.352783203125 0.040364583333333336 0.0322265625
2 0.435546875 0.44189453125 0.04296875 0.03271484375
2 0.6263020833333334 0.424072265625 0.044270833333333336 0.03369140625
2 0.7099609375 0.45703125 0.029947916666666668 0.02880859375
2 0.6832682291666666 0.562255859375 0.042317708333333336 0.03173828125
2 0.6988932291666666 0.638671875 0.040364583333333336 0.0302734375
2 0.5146484375 0.622802734375 0.04296875 0.03271484375