2 0.3694661458333333 0.118408203125 0.038411458333333336 0.0302734375
2 0.1953125 0.161376953125 0.043619791666666664 0.0322265625
2 0.1640625 0.255859375 0.02734375 0.02734375
2 0.2763671875 0.353271484375 0.038411458333333336 0.02783203125
2 0.4700520833333333 0.334716796875 0.0390625 0.03125
2 0.5084635416666666 0.425048828125 0.04296875 0.0322265625
2 0.3404947916666667 0.49365234375 0.0390625 0.03125
2 0.2972005208333333 0.55615234375 0.02734375 0.02734375
2 0.3987630208333333 0.631103515625 0.038411458333333336 0.0302734375
2 0.5807291666666666 0.607177734375 0.040364583333333336 0.0322265625
2 0.443359375 0.69775390625 0.038411458333333336 0.02783203125