2 0.46875 0.89111328125 0.031901041666666664 0.02490234375
2 0.2874348958333333 0.87646484375 0.032552083333333336 0.02685546875
2 0.23307291666666666 0.787841796875 0.026041666666666668 0.0283203125
2 0.3190104166666667 0.67578125 0.038411458333333336 0.03125
2 0.5146484375 0.666259765625 0.03515625 0.02880859375
2 0.52734375 0.57275390625 0.037760416666666664 0.029296875
2 0.3434244791666667 0.53076171875 0.0390625 0.0302734375
2 0.2848307291666667 0.475341796875 0.024739583333333332 0.02734375
2 0.3662109375 0.38720703125 0.037760416666666664 0.0283203125
2 0.3935546875 0.3125 0.036458333333333336 0.02734375
2 0.5530598958333334 0.38330078125 0.037760416666666664 0.029296875