0 0.151611328125 0.028971354166666668 0.05029296875 0.057942708333333336
0 0.174560546875 0.259765625 0.03369140625 0.048177083333333336
1 0.37939453125 0.224609375 0.0283203125 0.036458333333333336
1 0.43896484375 0.3802083333333333 0.02880859375 0.038411458333333336
1 0.584228515625 0.453125 0.03173828125 0.043619791666666664
0 0.659423828125 0.2903645833333333 0.0439453125 0.056640625
1 0.6904296875 0.11653645833333333 0.04833984375 0.06705729166666667
1 0.7568359375 0.20149739583333334 0.041015625 0.054036458333333336
1 0.39990234375 0.7063802083333334 0.0263671875 0.033203125
0 0.140625 0.5084635416666666 0.0283203125 0.036458333333333336
1 0.368896484375 0.7802734375 0.0283203125 0.036458333333333336