0 0.111083984375 0.08658854166666667 0.0458984375 0.056640625
0 0.155029296875 0.314453125 0.02978515625 0.044270833333333336
1 0.355224609375 0.24641927083333334 0.02587890625 0.033203125
1 0.428466796875 0.3912760416666667 0.0263671875 0.034505208333333336
1 0.579345703125 0.4397786458333333 0.0283203125 0.039713541666666664
0 0.638916015625 0.2659505208333333 0.0400390625 0.051432291666666664
1 0.654052734375 0.08821614583333333 0.04345703125 0.061197916666666664
1 0.727783203125 0.162109375 0.037109375 0.048828125
1 0.41943359375 0.7210286458333334 0.0244140625 0.029947916666666668
0 0.14404296875 0.5667317708333334 0.02587890625 0.033203125
1 0.3955078125 0.7994791666666666 0.02587890625 0.033203125