0 0.9169921875 0.7639973958333334 0.05419921875 0.06901041666666667
0 0.616943359375 0.8785807291666666 0.05615234375 0.07356770833333333
0 0.32421875 0.978515625 0.052734375 0.04296875
0 0.771728515625 0.4007161458333333 0.06591796875 0.08203125
0 0.609375 0.4677734375 0.06884765625 0.08463541666666667
0 0.4541015625 0.5296223958333334 0.06103515625 0.080078125
0 0.295654296875 0.591796875 0.0595703125 0.07942708333333333
0 0.728271484375 0.040364583333333336 0.05224609375 0.061197916666666664
0 0.4541015625 0.15657552083333334 0.05078125 0.06315104166666667
0 0.18505859375 0.2639973958333333 0.04736328125 0.060546875
0 0.89404296875 0.3548177083333333 0.08837890625 0.11458333333333333