0 0.15380859375 0.09309895833333333 0.04443359375 0.0546875
0 0.4658203125 0.09309895833333333 0.0458984375 0.059244791666666664
0 0.77099609375 0.09049479166666667 0.04248046875 0.057942708333333336
0 0.21826171875 0.4954427083333333 0.0546875 0.064453125
0 0.38818359375 0.4908854166666667 0.05712890625 0.06640625
0 0.55029296875 0.48828125 0.0498046875 0.064453125
0 0.71533203125 0.4869791666666667 0.04833984375 0.064453125
0 0.185546875 0.8580729166666666 0.04443359375 0.046875
0 0.47314453125 0.8470052083333334 0.0419921875 0.049479166666666664
0 0.75390625 0.8424479166666666 0.0390625 0.048177083333333336
0 0.09130859375 0.4947916666666667 0.072265625 0.091796875