0 0.238037109375 0.986328125 0.05322265625 0.02734375
0 0.540771484375 0.9059244791666666 0.05517578125 0.072265625
0 0.837158203125 0.8098958333333334 0.0517578125 0.06966145833333333
0 0.2275390625 0.5953776041666666 0.06494140625 0.080078125
0 0.39306640625 0.544921875 0.0673828125 0.08268229166666667
0 0.551025390625 0.4951171875 0.06005859375 0.07877604166666667
0 0.711181640625 0.4430338541666667 0.05859375 0.078125
0 0.1298828125 0.25390625 0.0517578125 0.059895833333333336
0 0.410888671875 0.171875 0.0498046875 0.061848958333333336
0 0.684326171875 0.0859375 0.046875 0.059244791666666664
0 0.1044921875 0.6370442708333334 0.0869140625 0.11263020833333333