0 0.2783203125 0.14583333333333334 0.0556640625 0.06770833333333333
0 0.3369140625 0.14518229166666666 0.05712890625 0.07486979166666667
0 0.412109375 0.1953125 0.05810546875 0.07942708333333333
0 0.556640625 0.20442708333333334 0.06591796875 0.08138020833333333
0 0.6318359375 0.15755208333333334 0.0556640625 0.078125
0 0.689453125 0.15625 0.05419921875 0.07747395833333333
0 0.4072265625 0.4205729166666667 0.05810546875 0.080078125
0 0.55126953125 0.42578125 0.06201171875 0.0859375
0 0.6611328125 0.4264322916666667 0.09619140625 0.12890625
0 0.29736328125 0.4140625 0.1015625 0.13020833333333334
0 0.40380859375 0.64453125 0.05810546875 0.078125
0 0.326171875 0.6901041666666666 0.0556640625 0.078125
0 0.26806640625 0.6881510416666666 0.0556640625 0.07486979166666667
0 0.4013671875 0.8684895833333334 0.0546875 0.07486979166666667
0 0.5439453125 0.873046875 0.06298828125 0.08268229166666667
0 0.54833984375 0.646484375 0.05224609375 0.068359375
0 0.62353515625 0.6979166666666666 0.0458984375 0.061848958333333336
0 0.681640625 0.701171875 0.044921875 0.057942708333333336
0 0.04541015625 0.671875 0.044921875 0.057942708333333336
0 0.0595703125 0.1796875 0.04345703125 0.057942708333333336
0 0.9423828125 0.6940104166666666 0.04052734375 0.061848958333333336