0 0.360107421875 0.921875 0.0673828125 0.08528645833333333
0 0.41650390625 0.9010416666666666 0.0703125 0.09309895833333333
0 0.478515625 0.8251953125 0.072265625 0.09765625
0 0.615478515625 0.7633463541666666 0.080078125 0.10221354166666667
0 0.697509765625 0.7805989583333334 0.06982421875 0.095703125
0 0.753173828125 0.7607421875 0.068359375 0.09440104166666667
0 0.42724609375 0.6103515625 0.072265625 0.09830729166666667
0 0.564697265625 0.5524088541666666 0.0771484375 0.10546875
0 0.670166015625 0.5113932291666666 0.119140625 0.15950520833333334
0 0.322998046875 0.6572265625 0.12451171875 0.16276041666666666
0 0.377685546875 0.396484375 0.07177734375 0.09635416666666667
0 0.293701171875 0.3811848958333333 0.06982421875 0.095703125
0 0.238037109375 0.404296875 0.06884765625 0.09244791666666667
0 0.3291015625 0.18196614583333334 0.06787109375 0.091796875
0 0.465087890625 0.12532552083333334 0.07763671875 0.10286458333333333
0 0.51611328125 0.3414713541666667 0.064453125 0.08463541666666667
0 0.577880859375 0.2643229166666667 0.05712890625 0.076171875
0 0.633056640625 0.23990885416666666 0.05517578125 0.072265625
0 0.027587890625 0.501953125 0.05517578125 0.072265625
0 0.142578125 0.966796875 0.0537109375 0.06640625
0 0.88525390625 0.15104166666666666 0.0517578125 0.07421875