0 0.307373046875 0.8831380208333334 0.060546875 0.07486979166666667
0 0.36572265625 0.8756510416666666 0.0625 0.08268229166666667
0 0.4365234375 0.8154296875 0.06396484375 0.08723958333333333
0 0.57958984375 0.7861328125 0.07177734375 0.08984375
0 0.657958984375 0.822265625 0.0615234375 0.08528645833333333
0 0.71533203125 0.8154296875 0.06005859375 0.08463541666666667
0 0.4140625 0.591796875 0.06396484375 0.087890625
0 0.556884765625 0.5667317708333334 0.068359375 0.09440104166666667
0 0.666015625 0.55078125 0.10595703125 0.14192708333333334
0 0.30517578125 0.6136067708333334 0.111328125 0.14388020833333334
0 0.39306640625 0.3697916666666667 0.06396484375 0.0859375
0 0.312255859375 0.3352864583333333 0.0615234375 0.08528645833333333
0 0.254638671875 0.3450520833333333 0.06103515625 0.08203125
0 0.373046875 0.14713541666666666 0.06005859375 0.08203125
0 0.514404296875 0.12272135416666667 0.0693359375 0.09114583333333333
0 0.53662109375 0.34765625 0.05712890625 0.07552083333333333
0 0.607421875 0.2858072916666667 0.05029296875 0.06770833333333333
0 0.664794921875 0.2747395833333333 0.04931640625 0.06380208333333333
0 0.034423828125 0.392578125 0.04931640625 0.06380208333333333
0 0.087158203125 0.8798828125 0.0478515625 0.06380208333333333
0 0.9248046875 0.24544270833333334 0.044921875 0.06705729166666667