0 0.59765625 0.41796875 0.064453125 0.083984375
0 0.57763671875 0.4899088541666667 0.06494140625 0.083984375
0 0.521728515625 0.5556640625 0.0654296875 0.08723958333333333
0 0.6630859375 0.6256510416666666 0.06640625 0.08723958333333333
0 0.414794921875 0.3590494791666667 0.11669921875 0.15234375
0 0.381103515625 0.4866536458333333 0.06982421875 0.09309895833333333
0 0.234619140625 0.41015625 0.06103515625 0.08203125
0 0.225830078125 0.306640625 0.05810546875 0.07682291666666667
0 0.243408203125 0.24251302083333334 0.05810546875 0.07552083333333333
0 0.085205078125 0.3388671875 0.05810546875 0.07877604166666667
0 0.042236328125 0.5022786458333334 0.06689453125 0.09114583333333333
0 0.187744140625 0.5758463541666666 0.07080078125 0.09375
0 0.133056640625 0.6468098958333334 0.068359375 0.08854166666666667
0 0.113037109375 0.7180989583333334 0.06494140625 0.08463541666666667
0 0.334716796875 0.650390625 0.06689453125 0.08919270833333333
0 0.477783203125 0.7220052083333334 0.0673828125 0.09049479166666667
0 0.296630859375 0.7692057291666666 0.123046875 0.15950520833333334
0 0.48486328125 0.8258463541666666 0.0625 0.08333333333333333
0 0.466796875 0.8876953125 0.064453125 0.08463541666666667
0 0.619384765625 0.7936197916666666 0.0615234375 0.08138020833333333
0 0.682373046875 0.09798177083333333 0.05224609375 0.06705729166666667
0 0.741455078125 0.3981119791666667 0.0546875 0.07356770833333333