0 0.447998046875 0.6373697916666666 0.05908203125 0.076171875
0 0.4375 0.5618489583333334 0.0595703125 0.076171875
0 0.4599609375 0.4671223958333333 0.06005859375 0.07942708333333333
0 0.3115234375 0.5042317708333334 0.06103515625 0.080078125
0 0.62744140625 0.5625 0.10693359375 0.13932291666666666
0 0.607177734375 0.4296875 0.06396484375 0.08463541666666667
0 0.76220703125 0.3948567708333333 0.0556640625 0.07552083333333333
0 0.8095703125 0.4775390625 0.0537109375 0.06966145833333333
0 0.8193359375 0.5445963541666666 0.05322265625 0.068359375
0 0.917724609375 0.3531901041666667 0.052734375 0.072265625
0 0.8916015625 0.18359375 0.060546875 0.083984375
0 0.73828125 0.220703125 0.06494140625 0.0859375
0 0.7578125 0.1220703125 0.06298828125 0.080078125
0 0.747314453125 0.047200520833333336 0.0595703125 0.07682291666666667
0 0.58349609375 0.2574869791666667 0.06103515625 0.08138020833333333
0 0.43310546875 0.2945963541666667 0.0615234375 0.08268229166666667
0 0.5703125 0.12955729166666666 0.11328125 0.14518229166666666
0 0.38720703125 0.21028645833333334 0.05712890625 0.076171875
0 0.378662109375 0.14485677083333334 0.05908203125 0.07682291666666667
0 0.2841796875 0.3304036458333333 0.056640625 0.07421875
0 0.498779296875 0.9697265625 0.04833984375 0.060546875
0 0.838623046875 0.8951822916666666 0.04736328125 0.060546875
0 0.33251953125 0.7529296875 0.0498046875 0.06770833333333333