0 0.42919921875 0.3782552083333333 0.05078125 0.064453125
0 0.4296875 0.455078125 0.05126953125 0.064453125
0 0.46533203125 0.5423177083333334 0.05126953125 0.06770833333333333
0 0.314453125 0.5436197916666666 0.05224609375 0.06770833333333333
0 0.6162109375 0.40625 0.091796875 0.11783854166666667
0 0.615234375 0.5416666666666666 0.0546875 0.072265625
0 0.7724609375 0.5364583333333334 0.04736328125 0.064453125
0 0.80712890625 0.443359375 0.0458984375 0.059244791666666664
0 0.80712890625 0.375 0.0458984375 0.057942708333333336
0 0.93115234375 0.5377604166666666 0.044921875 0.061848958333333336
0 0.9296875 0.7109375 0.05126953125 0.072265625
0 0.77392578125 0.7135416666666666 0.0556640625 0.07291666666666667
0 0.80712890625 0.8053385416666666 0.05419921875 0.06770833333333333
0 0.8076171875 0.8815104166666666 0.05126953125 0.06510416666666667
0 0.61669921875 0.716796875 0.05224609375 0.06966145833333333
0 0.4638671875 0.71875 0.05224609375 0.07096354166666667
0 0.6220703125 0.845703125 0.09765625 0.12239583333333333
0 0.4306640625 0.8131510416666666 0.048828125 0.06510416666666667
0 0.431640625 0.8795572916666666 0.05078125 0.06510416666666667
0 0.3125 0.7213541666666666 0.04833984375 0.06315104166666667
0 0.431640625 0.0390625 0.0419921875 0.05078125
0 0.77587890625 0.026041666666666668 0.041015625 0.05078125
0 0.29931640625 0.2942708333333333 0.04248046875 0.057942708333333336