0 0.29150390625 0.05078125 0.03125 0.042317708333333336
0 0.794921875 0.17578125 0.02783203125 0.03515625
0 0.265625 0.1748046875 0.03515625 0.04296875
0 0.872802734375 0.2600911458333333 0.04052734375 0.053385416666666664
0 0.436279296875 0.2900390625 0.02783203125 0.033854166666666664
0 0.333740234375 0.4036458333333333 0.0341796875 0.041666666666666664
0 0.291259765625 0.4443359375 0.02099609375 0.028645833333333332
0 0.306884765625 0.5224609375 0.02197265625 0.03125
0 0.344970703125 0.501953125 0.021484375 0.029947916666666668
0 0.47412109375 0.5865885416666666 0.02392578125 0.033203125
0 0.61572265625 0.6184895833333334 0.0224609375 0.029947916666666668
0 0.75634765625 0.6448567708333334 0.02734375 0.032552083333333336