0 0.77099609375 0.8610026041666666 0.05078125 0.06640625
0 0.510986328125 0.9169921875 0.02978515625 0.040364583333333336
0 0.639892578125 0.8069661458333334 0.02734375 0.03515625
0 0.55029296875 0.6171875 0.02734375 0.037109375
0 0.242431640625 0.65234375 0.04833984375 0.064453125
0 0.28759765625 0.5068359375 0.05029296875 0.06575520833333333
0 0.3671875 0.3557942708333333 0.02880859375 0.039713541666666664
0 0.5107421875 0.4580078125 0.02978515625 0.039713541666666664
0 0.584716796875 0.1240234375 0.02783203125 0.036458333333333336
0 0.857177734375 0.3782552083333333 0.0361328125 0.044921875
0 0.77783203125 0.626953125 0.037109375 0.048828125
0 0.625732421875 0.6220703125 0.03125 0.041666666666666664