0 0.16162109375 0.2604166666666667 0.041015625 0.052734375
0 0.39794921875 0.10546875 0.02392578125 0.032552083333333336
0 0.298828125 0.2610677083333333 0.02197265625 0.027994791666666668
0 0.42626953125 0.4075520833333333 0.02197265625 0.029947916666666668
0 0.712890625 0.25390625 0.03857421875 0.051432291666666664
0 0.70166015625 0.4108072916666667 0.04052734375 0.052083333333333336
0 0.65869140625 0.5859375 0.02294921875 0.031901041666666664
0 0.4990234375 0.5442708333333334 0.02392578125 0.031901041666666664
0 0.50146484375 0.892578125 0.0224609375 0.029296875
0 0.18505859375 0.755859375 0.02978515625 0.034505208333333336
0 0.20654296875 0.4869791666666667 0.02978515625 0.0390625
0 0.35302734375 0.4322916666666667 0.02490234375 0.033203125