0 0.756591796875 0.8795572916666666 0.05224609375 0.068359375
0 0.49462890625 0.9173177083333334 0.03076171875 0.041666666666666664
0 0.627685546875 0.81640625 0.02783203125 0.036458333333333336
0 0.545654296875 0.6204427083333334 0.0283203125 0.038411458333333336
0 0.23681640625 0.6341145833333334 0.04931640625 0.06575520833333333
0 0.28759765625 0.4918619791666667 0.05126953125 0.06770833333333333
0 0.372802734375 0.3470052083333333 0.02978515625 0.040364583333333336
0 0.51220703125 0.458984375 0.03076171875 0.041015625
0 0.599365234375 0.13053385416666666 0.02880859375 0.037760416666666664
0 0.861572265625 0.4033203125 0.03662109375 0.046223958333333336
0 0.7724609375 0.6461588541666666 0.0380859375 0.050130208333333336
0 0.620849609375 0.6305338541666666 0.03173828125 0.042317708333333336