0 0.603515625 0.884033203125 0.03515625 0.02734375
0 0.7802734375 0.8505859375 0.035807291666666664 0.029296875
0 0.8177083333333334 0.757080078125 0.030598958333333332 0.02978515625
0 0.7119140625 0.655029296875 0.042317708333333336 0.03369140625
0 0.5162760416666666 0.666015625 0.0390625 0.03173828125
0 0.486328125 0.574951171875 0.041666666666666664 0.0322265625
0 0.6608072916666666 0.51416015625 0.043619791666666664 0.033203125
0 0.7083333333333334 0.453125 0.028645833333333332 0.02880859375
0 0.6116536458333334 0.37451171875 0.041666666666666664 0.03125
0 0.5706380208333334 0.30322265625 0.039713541666666664 0.02978515625
0 0.42578125 0.39013671875 0.041666666666666664 0.0322265625