0 0.6936848958333334 0.1337890625 0.038411458333333336 0.0302734375
0 0.5188802083333334 0.091796875 0.043619791666666664 0.0322265625
0 0.4195963541666667 0.154296875 0.02734375 0.02734375
0 0.4339192708333333 0.28271484375 0.038411458333333336 0.02783203125
0 0.60546875 0.353271484375 0.0390625 0.03125
0 0.5657552083333334 0.443115234375 0.04296875 0.0322265625
0 0.3759765625 0.424560546875 0.0390625 0.03125
0 0.2916666666666667 0.4560546875 0.02734375 0.02734375
0 0.3154296875 0.561279296875 0.038411458333333336 0.0302734375
0 0.4811197916666667 0.622314453125 0.040364583333333336 0.0322265625
0 0.2991536458333333 0.634765625 0.038411458333333336 0.02783203125