0 0.46875 0.10888671875 0.031901041666666664 0.02490234375
0 0.2874348958333333 0.12353515625 0.032552083333333336 0.02685546875
0 0.23307291666666666 0.212158203125 0.026041666666666668 0.0283203125
0 0.3190104166666667 0.32421875 0.038411458333333336 0.03125
0 0.5146484375 0.333740234375 0.03515625 0.02880859375
0 0.52734375 0.42724609375 0.037760416666666664 0.029296875
0 0.3434244791666667 0.46923828125 0.0390625 0.0302734375
0 0.2848307291666667 0.524658203125 0.024739583333333332 0.02734375
0 0.3662109375 0.61279296875 0.037760416666666664 0.0283203125
0 0.3935546875 0.6875 0.036458333333333336 0.02734375
0 0.5530598958333334 0.61669921875 0.037760416666666664 0.029296875