0 0.5787760416666666 0.889404296875 0.032552083333333336 0.0263671875
0 0.3958333333333333 0.90087890625 0.037760416666666664 0.02783203125
0 0.3180338541666667 0.8232421875 0.020833333333333332 0.025390625
0 0.3704427083333333 0.70068359375 0.033854166666666664 0.0234375
0 0.55859375 0.660888671875 0.032552083333333336 0.02734375
0 0.546875 0.56640625 0.036458333333333336 0.02734375
0 0.3564453125 0.552490234375 0.032552083333333336 0.02734375
0 0.2838541666666667 0.5078125 0.020833333333333332 0.025390625
0 0.3385416666666667 0.4091796875 0.032552083333333336 0.0263671875
0 0.5185546875 0.377685546875 0.034505208333333336 0.0283203125
0 0.3447265625 0.334716796875 0.033854166666666664 0.0234375