0 0.971435546875 0.7112630208333334 0.05517578125 0.0703125
0 0.871826171875 0.5169270833333334 0.03759765625 0.052734375
0 0.701171875 0.6722005208333334 0.03125 0.040364583333333336
0 0.594970703125 0.5696614583333334 0.03173828125 0.042317708333333336
0 0.44091796875 0.5927734375 0.03466796875 0.047526041666666664
0 0.429443359375 0.783203125 0.04833984375 0.06315104166666667
0 0.4609375 0.95703125 0.0537109375 0.07356770833333333
0 0.372802734375 0.9215494791666666 0.04541015625 0.059244791666666664
0 0.51904296875 0.2555338541666667 0.02880859375 0.037109375
0 0.8173828125 0.2747395833333333 0.03125 0.040364583333333336
0 0.521484375 0.1708984375 0.03125 0.040364583333333336