0 0.94091796875 0.19303385416666666 0.05029296875 0.06315104166666667
0 0.865234375 0.4055989583333333 0.03369140625 0.048177083333333336
0 0.678466796875 0.2877604166666667 0.0283203125 0.036458333333333336
0 0.585693359375 0.4114583333333333 0.02880859375 0.038411458333333336
0 0.430908203125 0.4208984375 0.03173828125 0.043619791666666664
0 0.39697265625 0.23502604166666666 0.0439453125 0.056640625
0 0.40771484375 0.056640625 0.04833984375 0.06705729166666667
0 0.32470703125 0.1103515625 0.041015625 0.054036458333333336
0 0.54736328125 0.7373046875 0.0263671875 0.033203125
0 0.83984375 0.65625 0.0283203125 0.036458333333333336
0 0.559814453125 0.8203125 0.0283203125 0.036458333333333336