0 0.1005859375 0.10481770833333333 0.04443359375 0.0546875
0 0.150390625 0.3307291666666667 0.02880859375 0.04296875
0 0.3486328125 0.2532552083333333 0.02490234375 0.031901041666666664
0 0.42578125 0.39453125 0.025390625 0.033203125
0 0.57763671875 0.4361979166666667 0.02734375 0.038411458333333336
0 0.6328125 0.259765625 0.03857421875 0.049479166666666664
0 0.64306640625 0.08138020833333333 0.0419921875 0.059244791666666664
0 0.71875 0.15169270833333334 0.0361328125 0.046875
0 0.42529296875 0.724609375 0.0234375 0.028645833333333332
0 0.14599609375 0.5833333333333334 0.02490234375 0.031901041666666664
0 0.4033203125 0.8040364583333334 0.02490234375 0.031901041666666664